Fp1 -0.308829 0.950477 -0.034899
Fpz 0.000000 0.999391 -0.034899
Fp2 0.308829 0.950477 -0.034899
AF7 -0.615286 0.787531 -0.034899
AF3 -0.375595 0.884846 0.275637
AFz 0.000000 0.933580 0.358368
AF4 0.375595 0.884846 0.275637
AF8 0.615286 0.787531 -0.034899
F7 -0.808524 0.587427 -0.034899
F5 -0.728993 0.633704 0.258819
F3 -0.545007 0.673028 0.500000
F1 -0.286965 0.710264 0.642788
Fz 0.000000 0.719340 0.694658
F2 0.286965 0.710264 0.642788
F4 0.545007 0.673028 0.500000
F6 0.728993 0.633704 0.258819
F8 0.808524 0.587427 -0.034899
FT7 -0.950477 0.308829 -0.034899
FC5 -0.882718 0.338844 0.325568
FC3 -0.676377 0.359636 0.642788
FC1 -0.374710 0.374710 0.848048
FCz 0.000000 0.390731 0.920505
FC2 0.374710 0.374710 0.848048
FC4 0.676377 0.359636 0.642788
FC6 0.882718 0.338844 0.325568
FT8 0.950477 0.308829 -0.034899
T9 -0.906308 0.000000 -0.422618
T7 -0.999391 0.000000 -0.034899
C5 -0.933580 0.000000 0.358368
C3 -0.719340 0.000000 0.694658
C1 -0.390731 0.000000 0.920505
Cz 0.000000 0.000000 1.000000
C2 0.390731 0.000000 0.920505
C4 0.719340 0.000000 0.694658
C6 0.933580 0.000000 0.358368
T8 0.999391 0.000000 -0.034899
T10 0.906308 0.000000 -0.422618
TP7 -0.950477 -0.308829 -0.034899
CP5 -0.882718 -0.338844 0.325568
CP3 -0.676377 -0.359636 0.642788
CP1 -0.374710 -0.374710 0.848048
CPz 0.000000 -0.390731 0.920505
CP2 0.374710 -0.374710 0.848048
CP4 0.676377 -0.359636 0.642788
CP6 0.882718 -0.338844 0.325568
TP8 0.950477 -0.308829 -0.034899
P7 -0.808524 -0.587427 -0.034899
P5 -0.728993 -0.633704 0.258819
P3 -0.545007 -0.673028 0.500000
P1 -0.286965 -0.710264 0.642788
Pz 0.000000 -0.719340 0.694658
P2 0.286965 -0.710264 0.642788
P4 0.545007 -0.673028 0.500000
P6 0.728993 -0.633704 0.258819
P8 0.808524 -0.587427 -0.034899
PO7 -0.587427 -0.808524 -0.034899
PO3 -0.375595 -0.884846 0.275637
POz 0.000000 -0.933580 0.358368
PO4 0.375595 -0.884846 0.275637
PO8 0.587427 -0.808524 -0.034899
O1 -0.308829 -0.950477 -0.034899
Oz 0.000000 -0.999391 -0.034899
O2 0.308829 -0.950477 -0.034899
Iz 0.000000 -0.906308 -0.422618
